13.0000 0.0005
18.0000 0.0011
19.0000 0.0022
20.0000 0.0027
21.0000 0.0032
22.0000 0.0043
23.0000 0.0054
26.0000 0.0059
27.0000 0.0070
28.0000 0.0108
29.0000 0.0119
30.0000 0.0141
31.0000 0.0173
32.0000 0.0206
33.0000 0.0243
34.0000 0.0308
35.0000 0.0389
36.0000 0.0454
37.0000 0.0562
38.0000 0.0644
39.0000 0.0736
40.0000 0.0876
41.0000 0.0952
42.0000 0.1022
43.0000 0.1168
44.0000 0.1249
45.0000 0.1357
46.0000 0.1466
47.0000 0.1606
48.0000 0.1796
49.0000 0.1904
50.0000 0.2066
51.0000 0.2309
52.0000 0.2683
53.0000 0.2991
54.0000 0.3294
55.0000 0.3559
56.0000 0.3867
57.0000 0.4051
58.0000 0.4278
59.0000 0.4494
60.0000 0.4749
61.0000 0.4922
62.0000 0.5181
63.0000 0.5343
64.0000 0.5495
65.0000 0.5684
66.0000 0.5895
67.0000 0.6138
68.0000 0.6344
69.0000 0.6528
70.0000 0.6750
71.0000 0.6998
72.0000 0.7345
73.0000 0.7631
74.0000 0.7739
75.0000 0.7929
76.0000 0.8080
77.0000 0.8172
78.0000 0.8264
79.0000 0.8313
80.0000 0.8507
81.0000 0.8556
82.0000 0.8626
83.0000 0.8653
84.0000 0.8680
85.0000 0.8707
86.0000 0.8751
87.0000 0.8816
88.0000 0.8902
89.0000 0.8962
90.0000 0.8972
91.0000 0.9064
92.0000 0.9124
93.0000 0.9189
94.0000 0.9221
95.0000 0.9270
96.0000 0.9297
97.0000 0.9324
98.0000 0.9335
99.0000 0.9356
100.0000 0.9389
102.0000 0.9400
103.0000 0.9410
104.0000 0.9432
105.0000 0.9454
106.0000 0.9465
107.0000 0.9470
108.0000 0.9481
109.0000 0.9492
110.0000 0.9508
111.0000 0.9519
112.0000 0.9529
113.0000 0.9546
114.0000 0.9557
115.0000 0.9567
116.0000 0.9578
119.0000 0.9594
120.0000 0.9605
121.0000 0.9611
123.0000 0.9616
124.0000 0.9621
129.0000 0.9627
131.0000 0.9638
132.0000 0.9648
135.0000 0.9654
136.0000 0.9659
137.0000 0.9665
138.0000 0.9676
140.0000 0.9692
148.0000 0.9703
150.0000 0.9708
151.0000 0.9713
152.0000 0.9730
153.0000 0.9740
156.0000 0.9746
157.0000 0.9757
159.0000 0.9762
160.0000 0.9767
164.0000 0.9773
165.0000 0.9778
167.0000 0.9784
169.0000 0.9789
170.0000 0.9794
171.0000 0.9805
172.0000 0.9816
173.0000 0.9822
174.0000 0.9827
175.0000 0.9832
176.0000 0.9838
178.0000 0.9843
184.0000 0.9849
187.0000 0.9854
188.0000 0.9859
190.0000 0.9865
192.0000 0.9870
193.0000 0.9876
194.0000 0.9881
197.0000 0.9886
207.0000 0.9897
212.0000 0.9913
216.0000 0.9924
223.0000 0.9930
230.0000 0.9935
233.0000 0.9941
240.0000 0.9946
241.0000 0.9951
246.0000 0.9957
260.0000 0.9962
281.0000 0.9968
291.0000 0.9973
324.0000 0.9978
333.0000 0.9984
336.0000 0.9989
348.0000 0.9995
436.0000 1.0000
