160
57
81
82
61
260
51
74
72
66
67
87
91
54
57
91
52
97
77
93
95
92
105
88
73
80
81
88
153
54
51
72
83
37
51
64
50
43
59
49
37
52
240
116
109
150
37
71
80
59
52
74
19
57
75
58
58
62
96
67
56
55
60
72
66
51
45
48
53
66
223
54
65
41
76
96
74
102
65
107
73
32
61
92
92
64
53
86
39
64
40
89
72
69
53
55
72
60
65
42
66
72
76
53
38
55
60
48
80
121
165
93
87
48
51
57
76
62
66
54
47
72
62
62
70
60
82
50
60
88
57
55
56
58
63
54
33
67
60
50
91
68
59
91
70
87
230
62
48
38
45
40
52
43
41
46
73
62
56
61
54
62
52
68
58
70
39
56
66
39
94
60
52
53
63
212
167
66
61
50
40
54
70
88
59
72
76
43
52
52
47
76
49
42
104
63
65
88
71
35
82
75
66
73
57
53
73
77
35
39
103
60
46
78
91
67
73
51
73
54
73
56
95
63
54
63
61
62
43
68
72
85
56
64
59
69
51
56
60
54
48
173
91
46
49
70
44
104
42
45
88
72
58
37
62
99
114
69
45
93
66
54
56
164
58
55
52
40
73
53
87
67
60
52
131
64
58
66
241
73
71
60
92
66
54
64
148
93
78
51
77
68
73
60
54
64
73
96
116
59
55
64
61
84
86
51
91
52
73
76
80
78
67
67
91
54
49
56
71
81
38
72
104
151
63
87
44
62
53
53
75
72
55
71
21
48
56
56
49
54
62
73
47
175
88
70
57
35
56
75
72
74
91
58
71
80
67
82
69
53
71
62
72
37
63
59
77
105
34
40
184
95
436
105
71
119
97
50
65
57
43
75
72
64
73
73
74
43
110
55
53
78
57
53
60
72
52
58
40
80
48
36
73
103
67
62
45
43
65
83
56
92
42
97
39
80
56
45
43
60
59
68
56
65
50
66
53
59
36
64
68
48
68
53
48
34
63
69
69
72
82
62
82
42
54
68
76
52
46
35
53
63
89
72
40
49
54
47
56
61
46
38
48
65
80
38
63
34
52
50
71
49
54
46
71
78
69
80
41
50
72
61
76
56
34
72
67
55
47
34
37
83
59
48
53
36
31
36
54
64
50
67
60
348
74
105
52
45
69
47
75
73
78
46
55
135
50
69
58
56
43
56
69
70
70
37
58
52
54
51
66
55
71
34
80
60
74
67
68
38
120
40
52
197
51
52
92
67
59
87
68
36
76
54
61
57
56
51
48
38
170
48
42
39
48
48
50
68
64
62
51
72
100
63
46
171
56
54
93
72
108
87
55
176
97
70
68
51
48
81
77
124
88
33
75
131
72
37
62
75
29
71
71
89
76
67
52
82
70
77
62
60
110
73
53
55
52
54
86
57
55
68
55
35
140
40
52
65
157
73
51
61
88
43
172
55
76
49
51
129
94
58
54
56
41
40
37
82
47
22
68
55
281
69
52
55
66
52
68
59
61
73
43
52
75
67
34
55
61
45
67
23
77
140
63
51
58
55
71
54
52
65
58
61
71
104
80
40
86
67
75
71
72
57
56
53
51
56
71
50
35
65
72
52
52
336
74
82
58
65
55
68
63
63
62
77
52
56
28
69
57
36
52
72
41
75
54
59
55
50
44
59
48
35
82
76
54
58
70
30
55
37
58
87
52
54
62
109
63
64
58
67
32
57
64
78
93
53
70
100
37
70
45
85
34
187
62
47
70
57
197
13
43
73
89
66
63
60
64
53
52
61
53
58
77
62
68
56
70
64
57
52
76
64
78
61
50
33
93
54
59
56
67
69
58
47
43
43
77
71
69
48
40
53
75
76
38
63
56
55
73
54
54
64
56
94
70
86
71
73
38
62
73
100
80
74
93
58
75
73
75
72
58
73
64
107
111
53
39
53
99
76
72
39
75
80
72
42
53
75
72
37
75
53
73
82
71
70
95
67
50
51
52
52
51
46
52
80
67
72
63
71
79
88
66
60
59
94
89
66
50
73
93
45
73
70
171
70
68
115
55
55
70
69
69
75
51
170
52
58
60
65
53
71
51
93
52
51
60
100
56
60
70
71
76
66
74
65
72
69
45
30
68
68
88
63
46
100
60
65
54
59
80
61
63
46
65
67
212
65
76
86
53
68
60
44
59
39
82
71
38
50
48
44
52
66
79
53
51
72
62
58
192
80
76
71
61
50
35
89
49
57
52
65
111
56
91
56
59
62
57
38
70
55
81
87
156
53
54
62
52
43
60
80
136
137
69
85
95
60
65
57
76
55
74
48
70
81
55
55
56
70
52
66
65
72
53
159
51
55
40
40
76
71
95
65
40
114
131
65
41
65
58
57
69
60
89
52
56
291
72
55
78
71
54
64
69
70
70
49
74
67
37
51
80
67
31
39
84
67
207
75
60
68
71
73
47
61
55
40
67
73
21
58
49
66
42
51
40
40
50
61
53
58
56
48
36
32
91
71
71
212
45
67
119
49
53
94
84
65
72
89
47
56
72
138
73
80
91
78
47
72
45
51
71
69
67
77
56
69
96
63
66
113
79
49
44
78
78
60
87
87
54
65
34
68
55
66
39
69
45
63
52
56
18
63
33
32
80
75
56
65
68
60
75
64
66
67
51
56
36
76
55
61
43
58
73
20
43
56
43
67
69
45
53
34
58
49
36
92
55
37
49
66
55
72
62
39
48
65
42
59
43
76
52
53
61
32
43
193
40
52
44
50
72
56
62
47
75
72
48
60
66
53
71
61
43
78
56
91
57
62
75
216
112
59
53
97
74
48
59
156
74
64
53
67
73
73
53
38
62
98
78
53
69
68
50
50
59
68
62
65
89
73
75
91
53
52
59
60
80
70
70
44
44
109
70
69
43
84
47
48
66
71
91
70
52
71
72
72
68
80
69
61
38
70
65
73
174
75
70
66
72
60
84
32
69
39
78
41
46
88
152
70
71
37
71
26
68
51
67
55
76
63
188
83
38
53
47
67
54
151
72
67
72
61
61
48
55
54
68
48
47
42
56
37
35
40
60
43
57
54
60
66
89
71
42
51
59
53
57
34
140
324
86
54
40
52
72
64
79
55
65
59
56
72
66
56
53
80
79
49
58
75
57
80
77
73
54
52
95
57
54
49
92
54
35
62
34
58
39
58
58
57
65
60
31
88
33
53
55
66
29
52
52
91
80
79
51
53
74
63
60
66
67
56
55
54
178
75
44
49
58
55
59
58
41
67
46
57
72
37
51
60
57
67
44
51
67
63
75
59
66
48
40
53
67
60
44
36
45
46
71
52
54
62
51
77
52
95
80
18
63
55
61
81
62
66
43
52
47
70
55
113
47
28
52
27
61
31
69
59
30
58
75
73
80
60
76
51
48
62
67
73
30
77
74
77
58
62
41
75
61
68
73
103
48
69
73
70
52
48
56
83
48
66
73
70
77
48
100
80
93
47
132
70
27
54
74
54
58
41
75
68
80
72
88
53
54
190
90
47
92
99
80
71
78
92
99
72
73
73
54
59
71
72
70
94
74
169
54
60
72
50
112
73
69
50
59
96
61
89
73
71
50
79
45
44
59
51
88
55
85
81
26
233
50
71
36
64
56
62
66
62
51
54
54
93
40
44
69
72
57
137
110
68
92
61
39
72
72
53
57
41
67
66
70
50
55
33
31
40
35
59
65
67
71
41
80
60
60
62
68
80
65
75
116
38
51
81
66
35
140
39
70
72
79
123
52
55
80
51
55
62
53
75
68
76
51
69
43
56
57
46
62
36
53
65
40
333
75
80
78
43
72
70
46
53
60
28
64
56
59
59
52
50
62
56
51
95
98
46
90
50
71
45
42
41
87
57
66
52
194
47
80
49
50
62
59
58
71
64
57
62
39
52
56
62
62
73
46
71
37
68
53
52
53
106
54
52
73
67
35
51
73
212
75
53
63
44
52
52
63
47
72
54
74
72
54
47
152
61
45
60
61
65
52
76
47
47
52
52
119
48
22
53
37
72
59
85
80
48
59
60
91
68
53
52
82
42
86
33
62
35
77
69
49
58
60
59
56
56
64
76
56
28
73
51
72
62
54
45
113
88
41
52
28
58
67
46
57
37
58
35
47
63
59
43
72
64
40
31
72
68
28
28
62
56
68
67
54
73
51
74
79
152
76
46
246
