0.24
0.086
0.074
0.111
0.276
0.071
0.093
0.075
0.082
0.087
0.055
0.059
0.093
0.098
0.064
0.068
0.078
0.085
0.145
0.104
0.076
0.054
0.053
0.108
0.108
0.074
0.105
0.082
0.079
0.075
0.047
0.061
0.089
0.113
0.072
0.092
0.052
0.115
0.081
0.052
0.184
0.073
0.092
0.086
0.074
0.097
0.078
0.104
0.073
0.067
0.077
0.135
0.053
0.057
0.07
0.083
0.088
0.086
0.075
0.124
0.098
0.064
0.059
0.094
0.067
0.126
0.068
0.089
0.064
0.094
0.08
0.058
0.077
0.073
0.089
0.087
0.096
0.086
0.089
0.098
0.102
0.067
0.113
0.083
0.068
0.056
0.073
0.074
0.084
0.098
0.082
0.099
0.059
0.128
0.068
0.106
0.107
0.083
0.096
0.099
0.071
0.051
0.112
0.098
0.071
0.08
0.096
0.067
0.096
0.101
0.083
0.084
0.076
0.07
0.096
0.099
0.084
0.063
0.051
0.046
0.044
0.103
0.068
0.068
0.078
0.07
0.071
0.074
0.062
0.076
0.089
0.053
0.232
0.055
0.081
0.089
0.072
0.079
0.074
0.089
0.075
0.069
0.058
0.135
0.087
0.062
0.09
0.09
0.06
0.113
0.09
0.069
0.086
0.117
0.08
0.096
0.067
0.079
0.093
0.068
0.075
0.087
0.101
0.102
0.079
0.121
0.106
0.089
0.121
0.082
0.084
0.091
0.106
0.104
0.077
0.102
0.077
0.104
0.068
0.093
0.071
0.09
0.139
0.123
0.116
0.095
0.058
0.103
0.052
0.077
0.088
0.092
0.092
0.088
0.085
0.096
0.138
0.099
0.084
0.052
0.097
0.073
0.085
0.175
0.124
0.117
0.09
0.095
0.089
0.222
0.118
0.156
0.065
0.189
0.293
0.077
0.074
0.061
0.075
0.089
0.08
0.083
0.07
0.079
0.054
0.073
0.107
0.075
0.109
0.072
0.098
0.13
0.09
0.057
0.055
0.076
0.107
0.068
0.106
0.082
0.086
0.122
0.049
0.067
0.088
0.082
0.082
0.049
0.064
0.089
0.055
0.087
0.065
0.083
0.071
0.072
0.111
0.1
0.073
0.104
0.118
0.134
0.074
0.067
0.084
0.095
0.069
0.098
0.104
0.171
0.115
0.07
0.09
0.107
0.062
0.083
0.126
0.081
0.076
0.086
0.061
0.072
0.08
0.078
0.092
0.103
0.082
0.077
0.071
0.078
0.063
0.09
0.08
0.074
0.074
0.069
0.099
0.038
0.135
0.118
0.053
0.066
0.059
0.107
0.07
0.082
0.099
0.088
0.08
0.093
0.087
0.065
0.102
0.07
0.07
0.057
0.064
0.101
0.1
0.054
0.073
0.084
0.058
0.088
0.042
0.087
0.074
0.062
0.096
0.062
0.074
0.068
0.078
0.075
0.085
0.083
0.155
0.088
0.092
0.095
0.079
0.04
0.067
0.102
0.102
0.09
0.063
0.08
0.051
0.122
0.086
0.087
0.07
0.072
0.078
0.053
0.08
0.065
0.075
0.094
0.075
0.092
0.069
0.09
0.063
0.08
0.087
0.072
0.061
0.081
0.084
0.143
0.083
0.062
0.07
0.087
0.095
0.077
0.048
0.058
0.071
0.058
0.092
0.078
0.08
0.099
0.082
0.117
0.095
0.11
0.096
0.088
0.108
0.108
0.088
0.092
0.083
0.09
0.224
0.079
0.084
0.052
0.08
0.087
0.073
0.057
0.068
0.097
0.075
0.092
0.089
0.077
0.075
0.153
0.062
0.089
0.097
0.1
0.237
0.185
0.105
0.16
0.042
0.241
0.25
0.092
0.072
0.107
0.085
0.116
0.064
0.107
0.097
0.088
0.094
0.051
0.074
0.08
0.099
0.09
0.084
0.065
0.093
0.082
0.066
0.08
0.05
0.077
0.073
0.085
0.082
0.083
0.071
0.067
0.095
0.065
0.095
0.095
0.089
0.044
0.052
0.054
0.089
0.104
0.072
0.096
0.075
0.112
0.085
0.081
0.158
0.087
0.068
0.078
0.079
0.061
0.068
0.137
0.093
0.103
0.105
0.068
0.085
0.056
0.047
0.063
0.076
0.073
0.086
0.065
0.087
0.064
0.069
0.071
0.088
0.088
0.069
0.073
0.065
0.081
0.054
0.078
0.127
0.067
0.083
0.066
0.086
0.337
0.104
0.081
0.135
0.088
0.099
0.074
0.105
0.089
0.074
0.102
0.104
0.091
0.108
0.09
0.112
0.107
0.063
0.077
0.072
0.065
0.093
0.088
0.065
0.084
0.087
0.081
0.073
0.073
0.084
0.1
0.085
0.086
0.078
0.079
0.105
0.111
0.107
0.096
0.103
0.102
0.065
0.109
0.09
0.094
0.253
0.104
0.055
0.078
0.126
0.097
0.094
0.084
0.071
0.093
0.084
0.076
0.052
0.087
0.091
0.109
0.095
0.084
0.073
0.049
0.067
0.075
0.086
0.114
0.084
0.057
0.078
0.092
0.231
0.088
0.077
0.08
0.103
0.065
0.079
0.077
0.062
0.082
0.126
0.079
0.088
0.075
0.058
0.1
0.118
0.069
0.062
0.075
0.092
0.06
0.098
0.09
0.073
0.079
0.108
0.113
0.072
0.082
0.06
0.08
0.086
0.104
0.087
0.08
0.07
0.088
0.087
0.073
0.073
0.08
0.076
0.121
0.085
0.072
0.081
0.152
0.088
0.235
0.227
0.08
0.156
0.101
0.125
0.085
0.069
0.218
0.098
0.08
0.11
0.098
0.107
0.106
0.163
0.099
0.095
0.096
0.1
0.094
0.093
0.122
0.079
0.071
0.157
0.08
0.064
0.094
0.077
0.099
0.093
0.077
0.118
0.09
0.098
0.078
0.112
0.077
0.106
0.053
0.079
0.111
0.119
0.104
0.065
0.093
0.121
0.072
0.075
0.098
0.086
0.048
0.076
0.1
0.082
0.122
0.071
0.085
0.089
0.064
0.11
0.099
0.077
0.111
0.108
0.101
0.05
0.069
0.151
0.085
0.084
0.101
0.08
0.079
0.043
0.06
0.081
0.092
0.089
0.101
0.083
0.094
0.065
0.071
0.08
0.072
0.105
0.102
0.103
0.105
0.07
0.101
0.063
0.097
0.404
0.054
0.082
0.076
0.081
0.095
0.067
0.031
0.093
0.089
0.082
0.075
0.077
0.072
0.075
0.099
0.064
0.06
0.085
0.085
0.108
0.043
0.076
0.099
0.07
0.073
0.101
0.079
0.09
0.068
0.103
0.072
0.049
0.09
0.088
0.106
0.109
0.091
0.062
0.099
0.241
0.086
0.067
0.1
0.067
0.07
0.135
0.083
0.102
0.093
0.09
0.042
0.09
0.213
0.099
0.065
0.053
0.078
0.098
0.064
0.088
0.101
0.076
0.059
0.081
0.082
0.073
0.112
0.116
0.075
0.071
0.089
0.071
0.091
0.081
0.044
0.099
0.085
0.07
0.102
0.147
0.063
0.079
0.12
0.063
0.103
0.091
0.072
0.098
0.09
0.09
0.055
0.072
0.084
0.088
0.061
0.074
0.091
0.092
0.076
0.097
0.105
0.066
0.107
0.08
0.171
0.105
0.123
0.087
0.256
0.049
0.081
0.082
0.291
0.167
0.085
0.107
0.171
0.154
0.076
0.064
0.101
0.071
0.093
0.132
0.073
0.062
0.091
0.102
0.076
0.068
0.127
0.057
0.092
0.098
0.087
0.081
0.121
0.092
0.093
0.085
0.056
0.064
0.091
0.091
0.121
0.075
0.1
0.07
0.088
0.102
0.05
0.086
0.083
0.077
0.08
0.078
0.082
0.129
0.087
0.109
0.089
0.155
0.092
0.061
0.077
0.076
0.102
0.102
0.099
0.089
0.114
0.061
