1.1089999675750732
1.1089999675750732
0.18499994277954102
0.35199999809265137
0.35199999809265137
0.007999897003173828
0.007999897003173828
0.1399998664855957
0.009999990463256836
0.14699983596801758
0.006000041961669922
0.18599987030029297
0.16700005531311035
0.16700005531311035
0.15000009536743164
0.006000041961669922
0.20800018310546875
0.1359999179840088
0.1359999179840088
0.17100000381469727
0.00599980354309082
0.00599980354309082
0.13100004196166992
0.19699978828430176
0.007999897003173828
0.15899991989135742
0.17199993133544922
0.007999897003173828
0.00599980354309082
0.00599980354309082
0.007999897003173828
0.15900015830993652
0.15900015830993652
0.00599980354309082
0.00599980354309082
0.15400004386901855
0.15400004386901855
0.009999990463256836
0.009999990463256836
0.009999990463256836
0.17799997329711914
0.1770000457763672
0.15000009536743164
0.18700003623962402
0.006999969482421875
0.16199994087219238
0.006999969482421875
0.14800000190734863
0.13299989700317383
0.13299989700317383
0.009999990463256836
0.009999990463256836
0.16299986839294434
0.2840001583099365
0.14400005340576172
0.14400005340576172
0.016000032424926758
0.010999917984008789
0.13499999046325684
0.1679999828338623
0.1679999828338623
0.010000228881835938
0.007999897003173828
0.009000062942504883
0.009000062942504883
0.009000062942504883
0.009000062942504883
0.016000032424926758
0.016000032424926758
0.008999824523925781
0.127000093460083
0.127000093460083
0.00800013542175293
0.004999876022338867
0.009999990463256836
0.009999990463256836
0.009000062942504883
0.009000062942504883
0.1830000877380371
0.009999990463256836
0.016000032424926758
0.016000032424926758
0.005000114440917969
0.14499998092651367
0.006999969482421875
0.006999969482421875
0.009000062942504883
0.009000062942504883
0.009000062942504883
0.009999990463256836
0.007999897003173828
0.007999897003173828
0.009000062942504883
0.009000062942504883
0.009000062942504883
0.15399980545043945
0.15999984741210938
0.009000062942504883
0.009000062942504883
0.16700005531311035
0.14600014686584473
0.1490001678466797
0.006000041961669922
0.006000041961669922
0.16899991035461426
0.00800013542175293
0.16300010681152344
0.00800013542175293
0.006999969482421875
0.009000062942504883
0.1549999713897705
0.26399993896484375
0.009999990463256836
0.16299986839294434
0.15699982643127441
0.1529998779296875
0.00800013542175293
0.16200017929077148
0.15700006484985352
0.009999990463256836
0.009999990463256836
0.009999990463256836
0.16199994087219238
0.16199994087219238
0.0070002079010009766
0.0070002079010009766
0.007999897003173828
0.007999897003173828
0.17299985885620117
0.15199995040893555
0.15199995040893555
0.17799997329711914
0.008999824523925781
0.11399984359741211
0.11399984359741211
0.00599980354309082
0.1770000457763672
0.009000062942504883
0.1659998893737793
0.009999990463256836
0.009999990463256836
0.13899993896484375
0.13899993896484375
0.23000001907348633
0.1359999179840088
0.013000011444091797
0.00800013542175293
0.009999990463256836
0.16700005531311035
0.16700005531311035
0.007999897003173828
0.013000011444091797
0.13499999046325684
0.15900015830993652
0.007999897003173828
0.13300013542175293
0.14499998092651367
0.18400001525878906
0.009999990463256836
0.009999990463256836
0.004999876022338867
0.14800000190734863
0.009999990463256836
0.007999897003173828
0.007999897003173828
0.15799999237060547
0.15900015830993652
0.007999897003173828
0.0559999942779541
0.009999990463256836
0.006000041961669922
0.005000114440917969
0.18400001525878906
0.006000041961669922
0.15199995040893555
0.18499994277954102
0.006000041961669922
0.006999969482421875
0.006999969482421875
0.012000083923339844
0.012000083923339844
0.16100001335144043
0.16100001335144043
0.009000062942504883
0.009000062942504883
0.1640000343322754
0.00800013542175293
0.17299985885620117
0.00800013542175293
0.15600013732910156
0.016000032424926758
0.016000032424926758
0.00800013542175293
0.00800013542175293
0.007999897003173828
0.007999897003173828
0.01100015640258789
0.17200016975402832
0.17200016975402832
0.1789999008178711
0.00800013542175293
0.007999897003173828
0.13700008392333984
0.13700008392333984
0.012000083923339844
0.009999990463256836
0.009999990463256836
0.15000009536743164
0.15000009536743164
0.006000041961669922
0.17199993133544922
0.17199993133544922
0.00800013542175293
0.15700006484985352
0.17400002479553223
0.17400002479553223
0.3710000514984131
0.3710000514984131
0.006999969482421875
0.006999969482421875
0.13499999046325684
0.25099992752075195
0.009999990463256836
0.009999990463256836
0.16199994087219238
0.018999814987182617
0.006999969482421875
0.13499999046325684
0.006000041961669922
0.006000041961669922
0.008999824523925781
0.006999969482421875
0.006999969482421875
0.1659998893737793
0.1659998893737793
0.009000062942504883
0.22300004959106445
0.22300004959106445
0.009000062942504883
0.009000062942504883
0.14400005340576172
0.17300009727478027
0.17300009727478027
0.14699983596801758
0.006999969482421875
0.1380000114440918
0.1659998893737793
0.1659998893737793
0.17600011825561523
0.17699980735778809
0.00800013542175293
0.1510000228881836
0.1510000228881836
0.16700005531311035
0.16700005531311035
0.17199993133544922
0.008999824523925781
0.008999824523925781
0.00599980354309082
0.1700000762939453
0.009999990463256836
0.009999990463256836
0.20599985122680664
0.18400001525878906
0.16300010681152344
0.16300010681152344
0.009000062942504883
0.14300012588500977
0.19300007820129395
0.19300007820129395
0.16300010681152344
0.15900015830993652
0.15900015830993652
0.009000062942504883
0.01900005340576172
0.17999982833862305
0.17999982833862305
0.016000032424926758
0.013000011444091797
0.013000011444091797
0.006000041961669922
0.006000041961669922
0.00800013542175293
0.00800013542175293
0.20199990272521973
0.1510000228881836
0.15000009536743164
0.15000009536743164
0.17999982833862305
0.006000041961669922
0.006000041961669922
0.006000041961669922
0.006000041961669922
0.14899992942810059
0.15999984741210938
0.008999824523925781
0.020999908447265625
0.009999990463256836
0.009999990463256836
0.0070002079010009766
0.006000041961669922
0.1549999713897705
0.012000083923339844
0.1529998779296875
0.00599980354309082
0.011999845504760742
0.011999845504760742
0.00800013542175293
0.006000041961669922
0.006000041961669922
0.006000041961669922
0.007999897003173828
0.007999897003173828
0.00599980354309082
0.00599980354309082
0.16499996185302734
0.16499996185302734
0.1510000228881836
0.1510000228881836
0.1640000343322754
0.006000041961669922
0.006000041961669922
0.003999948501586914
0.003999948501586914
0.15199995040893555
0.15199995040893555
0.15799999237060547
0.15799999237060547
0.00800013542175293
0.00800013542175293
0.009999990463256836
0.006000041961669922
0.1510000228881836
0.006999969482421875
0.006999969482421875
0.18000006675720215
0.1679999828338623
0.1679999828338623
0.1679999828338623
0.21300005912780762
0.16299986839294434
0.008999824523925781
0.008999824523925781
0.18199992179870605
0.16299986839294434
0.15899991989135742
0.18199992179870605
0.009000062942504883
0.009000062942504883
0.007999897003173828
0.14599990844726562
0.1510000228881836
0.1510000228881836
0.007999897003173828
0.16499996185302734
0.015000104904174805
0.1530001163482666
0.1530001163482666
0.009000062942504883
0.009000062942504883
0.006999969482421875
0.006999969482421875
0.14399981498718262
0.17400002479553223
0.17400002479553223
0.16199994087219238
0.15999984741210938
0.15999984741210938
0.00800013542175293
0.011999845504760742
0.011999845504760742
0.009000062942504883
0.009000062942504883
0.15799999237060547
0.25999999046325684
0.007999897003173828
0.18199992179870605
0.18199992179870605
0.00800013542175293
0.16299986839294434
0.16299986839294434
0.17799997329711914
0.17799997329711914
0.21899986267089844
0.007999897003173828
0.007999897003173828
0.16499996185302734
0.00599980354309082
0.00599980354309082
0.026000022888183594
0.00800013542175293
0.00800013542175293
0.00800013542175293
0.15700006484985352
0.011999845504760742
0.011999845504760742
0.005000114440917969
0.15799999237060547
0.009000062942504883
0.15600013732910156
0.18000006675720215
0.007999897003173828
0.007999897003173828
0.009999990463256836
0.16199994087219238
0.006000041961669922
0.006000041961669922
0.009999990463256836
0.009999990463256836
0.1660001277923584
0.01100015640258789
0.1640000343322754
0.1640000343322754
0.1679999828338623
0.1679999828338623
0.16899991035461426
0.17100000381469727
0.17100000381469727
0.15000009536743164
0.15000009536743164
0.009000062942504883
0.15000009536743164
0.15000009536743164
0.009999990463256836
0.1490001678466797
0.15700006484985352
0.15700006484985352
0.013000011444091797
0.013000011444091797
0.17600011825561523
0.1529998779296875
0.006000041961669922
0.01100015640258789
0.14899992942810059
0.1419999599456787
0.1419999599456787
0.006999969482421875
0.006999969482421875
0.009999990463256836
0.1509997844696045
0.21700000762939453
0.21700000762939453
0.16499996185302734
0.16899991035461426
0.16899991035461426
0.007999897003173828
0.14400005340576172
0.18799996376037598
0.18799996376037598
0.006999969482421875
0.14700007438659668
0.00800013542175293
0.1530001163482666
0.007999897003173828
0.007999897003173828
0.004999876022338867
0.16100001335144043
0.16100001335144043
0.006000041961669922
0.005000114440917969
0.010000228881835938
0.010000228881835938
0.1770000457763672
0.010999917984008789
0.18899989128112793
0.007999897003173828
0.20999979972839355
0.20999979972839355
0.010999917984008789
0.010999917984008789
0.008999824523925781
0.17499995231628418
0.010999917984008789
0.010999917984008789
0.16199994087219238
0.13499999046325684
0.16899991035461426
0.009999990463256836
0.004999876022338867
0.004999876022338867
0.16299986839294434
0.15399980545043945
0.14400005340576172
0.17299985885620117
0.17299985885620117
0.009000062942504883
0.1509997844696045
0.1509997844696045
0.1659998893737793
0.16200017929077148
0.16200017929077148
0.009999990463256836
0.14999985694885254
0.009999990463256836
0.009999990463256836
0.1790001392364502
0.15700006484985352
0.006000041961669922
0.005000114440917969
0.009000062942504883
0.006000041961669922
0.20300006866455078
0.012000083923339844
0.13000011444091797
0.13000011444091797
0.15900015830993652
0.1940000057220459
0.01100015640258789
0.15700006484985352
0.15700006484985352
0.00800013542175293
0.15199995040893555
0.1679999828338623
0.13499999046325684
0.13499999046325684
0.1419999599456787
0.006999969482421875
0.012000083923339844
0.17799997329711914
0.17799997329711914
0.12999987602233887
0.1830000877380371
0.1830000877380371
0.00599980354309082
0.13400006294250488
0.009000062942504883
0.1400001049041748
0.1400001049041748
0.006000041961669922
0.182999849319458
0.1789999008178711
0.1789999008178711
0.1660001277923584
0.007999897003173828
0.007999897003173828
0.009000062942504883
0.009999990463256836
0.14899992942810059
0.00800013542175293
0.00800013542175293
0.15799999237060547
0.01399993896484375
0.009999990463256836
0.14100003242492676
0.14100003242492676
0.009999990463256836
0.009999990463256836
0.13499999046325684
0.15600013732910156
0.15600013732910156
0.009000062942504883
0.007999897003173828
0.005000114440917969
0.005000114440917969
0.01100015640258789
0.01100015640258789
0.18000006675720215
0.18000006675720215
0.006000041961669922
0.006000041961669922
0.14500021934509277
0.007999897003173828
0.007999897003173828
0.007999897003173828
0.007999897003173828
0.007999897003173828
0.1679999828338623
0.004999876022338867
0.009999990463256836
0.009999990463256836
0.006999969482421875
0.007999897003173828
0.005000114440917969
0.18400001525878906
0.15199995040893555
0.01399993896484375
0.21000003814697266
0.21000003814697266
0.12599992752075195
0.12599992752075195
0.006999969482421875
0.010000228881835938
0.010000228881835938
0.16199994087219238
0.0070002079010009766
0.20199990272521973
0.20199990272521973
0.00800013542175293
0.016000032424926758
0.016000032424926758
0.007999897003173828
0.00599980354309082
0.16499996185302734
0.16499996185302734
0.16199994087219238
0.01100015640258789
0.009999990463256836
0.00599980354309082
0.00599980354309082
0.15799999237060547
0.006000041961669922
0.006000041961669922
0.1790001392364502
0.1790001392364502
0.0070002079010009766
0.0070002079010009766
0.017000198364257812
0.1510000228881836
0.009999990463256836
0.14999985694885254
0.00800013542175293
0.00800013542175293
0.16499996185302734
0.006000041961669922
0.15899991989135742
0.15899991989135742
0.16300010681152344
0.1789999008178711
0.006999969482421875
0.006999969482421875
0.009999990463256836
0.19699978828430176
0.19699978828430176
0.19099998474121094
0.13299989700317383
0.010999917984008789
0.010999917984008789
0.1399998664855957
0.1399998664855957
0.1700000762939453
0.014000177383422852
0.006999969482421875
0.16899991035461426
0.1809999942779541
0.009999990463256836
0.1770000457763672
0.009999990463256836
0.1699998378753662
0.1699998378753662
0.14300012588500977
0.15799999237060547
0.008999824523925781
0.16700005531311035
0.006999969482421875
0.006999969482421875
0.00800013542175293
0.006000041961669922
0.1549999713897705
0.1809999942779541
0.008999824523925781
0.008999824523925781
0.18499994277954102
0.009999990463256836
0.007999897003173828
0.007999897003173828
0.18499994277954102
0.14300012588500977
0.15899991989135742
0.14700007438659668
0.14700007438659668
0.013000011444091797
0.013000011444091797
0.16000008583068848
0.18400001525878906
0.15599989891052246
0.15599989891052246
0.1380000114440918
0.1380000114440918
0.015000104904174805
0.15399980545043945
0.15399980545043945
0.015000104904174805
0.006999969482421875
0.006999969482421875
0.17999982833862305
0.006999969482421875
0.006999969482421875
0.009000062942504883
0.009000062942504883
0.008999824523925781
0.006000041961669922
0.009000062942504883
0.009000062942504883
0.009999990463256836
0.009999990463256836
0.004999876022338867
0.004999876022338867
0.005000114440917969
0.009999990463256836
0.12399983406066895
0.12399983406066895
0.009999990463256836
0.16100001335144043
0.00800013542175293
0.15900015830993652
0.15900015830993652
0.006000041961669922
0.011999845504760742
0.013000011444091797
0.00599980354309082
0.17199993133544922
0.17199993133544922
0.1529998779296875
0.1529998779296875
0.009000062942504883
0.1510000228881836
0.009999990463256836
0.009999990463256836
0.006000041961669922
0.009000062942504883
0.13199996948242188
0.13199996948242188
0.006000041961669922
0.008999824523925781
0.16199994087219238
0.007999897003173828
0.007999897003173828
0.009000062942504883
0.01100015640258789
0.14400005340576172
0.009999990463256836
0.009000062942504883
0.009999990463256836
0.14600014686584473
0.14600014686584473
0.14499998092651367
0.15199995040893555
0.007999897003173828
0.012000083923339844
0.012000083923339844
0.17500019073486328
0.1699998378753662
0.009999990463256836
0.20099997520446777
0.16299986839294434
0.007999897003173828
0.007999897003173828
0.006000041961669922
0.006000041961669922
0.010999917984008789
0.013000011444091797
0.009999990463256836
0.009999990463256836
0.16300010681152344
0.16300010681152344
0.125
0.1549999713897705
0.004999876022338867
0.004999876022338867
0.006999969482421875
0.16700005531311035
0.16700005531311035
0.16899991035461426
0.00800013542175293
0.14700007438659668
0.14700007438659668
0.16700005531311035
0.007999897003173828
0.007999897003173828
0.1510000228881836
0.1510000228881836
0.006000041961669922
0.17599987983703613
0.1789999008178711
0.1789999008178711
0.006999969482421875
0.00800013542175293
0.16499996185302734
0.1530001163482666
0.17199993133544922
0.17199993133544922
0.13300013542175293
0.1660001277923584
0.14400005340576172
0.009999990463256836
0.004999876022338867
0.17199993133544922
0.0070002079010009766
0.012000083923339844
0.1700000762939453
0.1700000762939453
0.1679999828338623
0.1679999828338623
0.00599980354309082
0.17599987983703613
0.17599987983703613
0.16900014877319336
0.16900014877319336
0.1380000114440918
0.1549999713897705
0.1529998779296875
0.1230001449584961
0.1230001449584961
0.009999990463256836
0.18700003623962402
0.009000062942504883
0.16499996185302734
0.006000041961669922
0.006000041961669922
0.008999824523925781
0.010999917984008789
0.010999917984008789
0.009000062942504883
0.009000062942504883
0.009000062942504883
0.14899992942810059
0.009999990463256836
0.0070002079010009766
0.13199996948242188
0.13199996948242188
0.192000150680542
0.006000041961669922
0.009000062942504883
0.009000062942504883
0.01100015640258789
0.17100000381469727
0.17100000381469727
0.16300010681152344
0.008999824523925781
0.009999990463256836
0.003999948501586914
0.1399998664855957
0.14499998092651367
0.015000104904174805
0.00599980354309082
0.007999897003173828
0.007999897003173828
0.005000114440917969
0.1359999179840088
0.1359999179840088
0.00800013542175293
0.00800013542175293
0.007999897003173828
0.1359999179840088
0.006000041961669922
0.14499998092651367
0.14499998092651367
0.15799999237060547
0.15799999237060547
0.005000114440917969
0.14099979400634766
0.010999917984008789
0.010999917984008789
0.1790001392364502
0.1790001392364502
0.17999982833862305
0.006000041961669922
0.15900015830993652
0.15900015830993652
0.004999876022338867
0.00800013542175293
0.009000062942504883
0.13400006294250488
0.13400006294250488
0.17799997329711914
0.21000003814697266
0.16299986839294434
0.16299986839294434
0.1419999599456787
0.1510000228881836
0.15899991989135742
0.15899991989135742
0.011999845504760742
0.17300009727478027
0.17300009727478027
0.006999969482421875
0.009999990463256836
0.006999969482421875
0.16000008583068848
0.16000008583068848
0.1510000228881836
0.1510000228881836
0.008999824523925781
0.008999824523925781
0.17400002479553223
0.15399980545043945
0.0070002079010009766
0.15199995040893555
0.1640000343322754
0.1640000343322754
0.18700003623962402
0.1809999942779541
0.13499999046325684
0.13499999046325684
0.006999969482421875
0.00599980354309082
0.00599980354309082
0.007999897003173828
0.00800013542175293
0.13300013542175293
0.006000041961669922
0.007999897003173828
0.007999897003173828
0.009999990463256836
0.1770000457763672
0.1810002326965332
0.1810002326965332
0.20799994468688965
0.009999990463256836
0.010999917984008789
0.007999897003173828
0.007999897003173828
0.13900017738342285
0.15899991989135742
0.006000041961669922
0.17599987983703613
0.016000032424926758
0.016000032424926758
0.009999990463256836
0.011999845504760742
0.011999845504760742
0.17100000381469727
0.13700008392333984
0.13700008392333984
0.016000032424926758
0.016000032424926758
0.17799997329711914
0.1530001163482666
0.10199999809265137
0.006999969482421875
0.006999969482421875
0.18400001525878906
0.006000041961669922
0.17199993133544922
0.1490001678466797
0.1490001678466797
0.006000041961669922
0.16199994087219238
0.17100000381469727
0.1770000457763672
0.19099998474121094
0.19099998474121094
0.1530001163482666
0.1530001163482666
0.009999990463256836
0.009999990463256836
0.004999876022338867
0.004999876022338867
0.007999897003173828
0.007999897003173828
0.15200018882751465
0.007999897003173828
0.007999897003173828
0.009000062942504883
0.19899988174438477
0.1790001392364502
0.16000008583068848
0.16000008583068848
0.00599980354309082
0.01100015640258789
0.006000041961669922
0.006000041961669922
0.14800000190734863
0.016000032424926758
0.1510000228881836
0.1510000228881836
0.007999897003173828
0.009000062942504883
0.1640000343322754
0.00599980354309082
0.00599980354309082
0.007999897003173828
0.009999990463256836
0.00800013542175293
0.032000064849853516
0.2049999237060547
0.03399991989135742
0.14700007438659668
0.20600008964538574
0.20600008964538574
0.007999897003173828
0.15600013732910156
0.15600013732910156
0.2239999771118164
0.15799999237060547
0.15799999237060547
0.15599989891052246
0.009000062942504883
0.009000062942504883
0.009000062942504883
0.16000008583068848
0.006999969482421875
0.006999969482421875
0.006999969482421875
0.15400004386901855
0.15400004386901855
0.18199992179870605
0.18199992179870605
0.009999990463256836
0.009999990463256836
0.17499995231628418
0.006999969482421875
0.006999969482421875
0.008999824523925781
0.00800013542175293
0.00800013542175293
0.2609999179840088
0.006999969482421875
0.0070002079010009766
0.0070002079010009766
0.14100003242492676
0.004999876022338867
